20011100
20020020
2003ff00
2004ffff
20450000
20860000
20c70000
00221822
00431020
00602021
00662823
20010f0f
20021111
00221824
00222025
20011111
20020001
00411804
00431806
20011000
20021111
20030013
00610804
00621004
00211820
20011111
20021000
0022182a
20018001
20028011
0022182a
ac030000
ac010004
20040004
ac820004
8c010000
8c020004
8c830004
00622020
08000048
00000000
00000000
00000000
00000000
00000000
00000000
00000000
00000000
00000000
00000000
00000000
00000000
00000000
00000000
00000000
00000000
00000000
00000000
00000000
00000000
00000000
00000000
00000000
00000000
00000000
00000000
00000000
00000000
00000000
00000000
00000000
00000000
2001000b
20020000
2021ffff
10200003
00411020
0800004a
00000000
0800004f
00000000
